##                         
##                             a    b    c    d    e    f    g    h    i    j
##    B cells                2.0  0.0 79.6  2.9  0.0  0.2  0.2  0.0  0.1  0.1
##    Endothelial            1.1  0.0  1.5  5.3  0.0  0.6 41.1  0.0  0.0  1.0
##    Fibroblast            10.9  0.1  5.9 16.1  0.0  1.4 53.0  0.4  0.1 51.5
##    Intestinal Epithelial  0.5  0.1  0.3  1.4  0.1  0.8  0.0 91.8 97.8  0.0
##    Myeloid                5.7  0.1  3.4 53.0  0.0 17.5  0.8  1.4  0.4  0.3
##    Neuronal               0.1  0.0  0.3  1.4  0.0  0.2  0.1  2.1  0.1  0.3
##    Smooth Muscle          3.7  0.0  2.6 15.3  0.0  0.9  3.9  1.0  0.7 46.5
##    T cells               64.4  0.0  1.8  2.1  0.0  2.3  0.1  0.7  0.2  0.3
##    Tumor                 11.6 99.7  4.7  2.5 99.9 75.9  0.8  2.5  0.5  0.0
