##      
##       Layer1 Layer2 Layer3 Layer4 Layer5 Layer6  WM <NA>
##    1       3      0      0      0      1     30   0    1
##    2       0      0      4     63    562     43   0    0
##    3       0      0      0      0      0     38 212    0
##    4       0      4    500      0      1      2   0   20
##    5       3    209    165      0      0      1   0    0
##    6       0      0    318    155     19      0   0    0
##    7     265     40      2      0      1      1   0    7
##    8       0      0      0      0      0      1 273    0
##    9       0      0      0      0     88    406   0    0
##    10      2      0      0      0      1    170  28    0
