##        
##         Long-duration Non-diabetic  Onset
##    6089         91634            0      0
##    6126             0       158693      0
##    6134             0       181609      0
##    6180        141450            0      0
##    6228             0            0 142106
##    6264        146123            0      0
##    6278             0       185399      0
##    6362             0            0 202272
##    6380             0            0 129456
##    6386             0       127350      0
##    6414             0            0 166052
##    6418        104830            0      0
