##               [,1]   [,2]   [,3]   [,4]   [,5]
## GO:0000009 0.39775 0.0000 0.0000 0.0000 0.0000
## GO:0000012 0.17195 0.2245 0.1783 0.0000 0.1650
## GO:0000014 0.05303 0.2417 0.1693 0.2663 0.1929
## GO:0000015 0.80541 0.4467 0.5080 0.5326 0.8267
## GO:0000016 0.00000 0.0000 0.0000 0.0000 0.0000
## GO:0000017 0.00000 0.0000 0.0000 0.0000 0.4287
## GO:0000018 0.44445 0.3315 0.1926 0.3042 0.2451
## GO:0000019 0.00000 0.2015 0.0000 0.1480 0.2143
## GO:0000022 1.28030 0.5840 0.0000 1.1246 0.0000
## GO:0000023 0.00000 0.0000 2.4511 0.0000 0.0000
