            FSV  M              g     l     max_delta       max_ll  \
0  1.065401e-01  4         Mrpl15  68.5  8.383709e+00 -2836.151268   
1  1.132153e-06  4  4732440D04Rik  68.5  8.830160e+05  1005.684545   
2  2.556985e-01  4           Rrs1  68.5  2.910013e+00 -2372.430346   
3  2.492298e-01  4          Cops5  68.5  3.011488e+00 -2579.842074   
4  2.060557e-09  4           Cpa6  68.5  4.851652e+08  2817.673512   

   max_mu_hat  max_s2_t_hat model     n    s2_FSV   s2_logdelta      time  \
0   -8.553531  7.251817e+00    SE  2688  0.004038  3.928962e-01  0.009583   
1   -0.849110  8.478789e-07    SE  2688  0.043424  2.453021e+10  0.001693   
2   -5.025306  5.476694e+00    SE  2688  0.001739  5.062643e-02  0.003723   
3  -11.139282  2.601672e+01    SE  2688  0.001748  5.234926e-02  0.003669   
4   -0.768099  1.230862e-09    SE  2688  0.031727  5.410451e+15  0.001641   

           BIC  max_ll_null       LLR      pval      qval  
0  5703.888747 -2836.979729  0.828461  0.362718  0.462134  
1 -1979.782879  1005.684446  0.000099  0.992065  0.992308  
2  4776.446902 -2376.942619  4.512274  0.033652  0.056698  
3  5191.270360 -2584.203162  4.361088  0.036769  0.061422  
4 -5603.760814  2817.673419  0.000093  0.992305  0.992308  