array([[ 494.8045522 ,    0.        , 1027.2213662 , ...,    0.        ,
           0.        ,  519.75051975],
       [ 494.8045522 , 1445.78313253,  513.6106831 , ...,    0.        ,
         499.5004995 ,  519.75051975],
       [   0.        ,    0.        , 1027.2213662 , ...,  485.90864917,
         499.5004995 ,    0.        ],
       ...,
       [ 494.8045522 ,    0.        ,  513.6106831 , ...,    0.        ,
           0.        ,  519.75051975],
       [ 989.6091044 ,  481.92771084,    0.        , ...,    0.        ,
         499.5004995 ,  519.75051975],
       [2474.02276101,  963.85542169,  513.6106831 , ...,  485.90864917,
         999.000999  ,    0.        ]])