cc_aa_identity     0    1    2    3    4     5    6    7    8    9  ...  \
patient_id                                                          ...   
AP6              0.0  0.0  0.0  0.0  0.0   0.0  0.0  0.0  0.0  0.0  ...   
COVID-014       71.0  0.0  0.0  1.0  4.0   0.0  0.0  2.0  0.0  1.0  ...   
COVID-045        0.0  1.0  0.0  0.0  0.0   0.0  1.0  0.0  1.0  0.0  ...   
COVID-066        0.0  0.0  3.0  0.0  0.0   0.0  0.0  0.0  0.0  0.0  ...   
COVID-067        0.0  0.0  0.0  0.0  0.0  32.0  0.0  0.0  0.0  0.0  ...   
CV0902           0.0  0.0  0.0  0.0  0.0   0.0  0.0  0.0  0.0  0.0  ...   

cc_aa_identity  14171  14172  14173  14174  14175  14176  14177  14178  14179  \
patient_id                                                                      
AP6               0.0    0.0    0.0    0.0    0.0    0.0    0.0    0.0    0.0   
COVID-014         1.0    0.0    0.0    0.0    0.0    1.0    1.0    0.0    0.0   
COVID-045         0.0    0.0    1.0    1.0    1.0    0.0    0.0    0.0    1.0   
COVID-066         0.0    0.0    0.0    0.0    0.0    0.0    0.0    0.0    0.0   
COVID-067         0.0    1.0    0.0    0.0    0.0    0.0    0.0    1.0    0.0   
CV0902            0.0    0.0    0.0    0.0    0.0    0.0    0.0    0.0    0.0   

cc_aa_identity  14180  
patient_id             
AP6               0.0  
COVID-014         0.0  
COVID-045         0.0  
COVID-066         0.0  
COVID-067         1.0  
CV0902            0.0  

[6 rows x 14181 columns]