##    Cluster Ncells Nsub
## 1        1    160    3
## 2        2    507    4
## 3        3    662    5
## 4        4     39    1
## 5        5    691    5
## 6        6   1415    8
## 7        7     32    1
## 8        8    650    8
## 9        9     76    2
## 10      10   1037    9
## 11      11    121    3
## 12      12     47    1
## 13      13     68    3
## 14      14     25    1
## 15      15     15    1
## 16      16    562    6
## 17      17    139    3
## 18      18     32    1
## 19      19     44    1
## 20      20    120    4
## 21      21     84    2
## 22      22     65    2
## 23      23     52    2
## 24      24     17    1
