    cell_type  mean_augur_score1  mean_augur_score2  delta_augur     b     m  \
0       Astro           0.769116           0.624898    -0.144218  1000  1000   
1   Microglia           0.743707           0.587789    -0.155918   974  1000   
2        Endo           0.588481           0.540272    -0.048209  1000  1000   
3       Oligo           0.801417           0.557630    -0.243787  1000  1000   
4  Inhibitory           0.656202           0.560000    -0.096202  1000  1000   
5         OPC           0.743605           0.598050    -0.145556  1000  1000   
6  Excitatory           0.623923           0.527143    -0.096780  1000  1000   

           z      pval      padj  
0 -10.058451  0.001998  0.002331  
1  -9.252930  0.053946  0.053946  
2  -3.010936  0.001998  0.002331  
3 -15.904970  0.001998  0.002331  
4  -6.018999  0.001998  0.002331  
5  -8.786800  0.001998  0.002331  
6  -7.399583  0.001998  0.002331  