##        Sample
## Cluster   5   6   7   8   9  10
##      1   87  20  62  53 151  73
##      2  146  37 132 110 231 215
##      3   96  16 162 124 364 272
##      4  127  97 185 433 362 457
##      5  103  41 284 362 145 195
##      6  207  52 344 208 556 646
##      7  153  73  86  89 166 383
##      8  130  97 110  63 159 311
##      9   82  20  75  33 165 203
##      10  97  19  36  18  50  35
##      11 114  43  43  38  39 154
##      12 122  64  62  51  63 139
##      13 150  75 128  99 134 391
##      14 110  69  73  96 127 255
##      15  99  54 195 408 255 682
##      16  42  34  81  80  85 355
##      17 180  47 225 182 212 384
##      18  74  38 179 106 318 458
##      19  50  27  94  62  98 158
##      20  39  41  50  49 130 127
##      21   1   5   0  84   0  66
##      22  17   7  13  17  20  37
##      23  50  24  76  63  75 179
##      24   9   7  18  13  30  27
##      25  11  16  20   9  47  57
##      26   2   1   7   3  75 137
##      27   0   2   0  51   0   5
