##        Batch
## Cluster Grun Lawlor Muraro Seger
##      1   312     28    255   384
##      2    46      5    540   388
##      3   228     17    251   152
##      4   117    250    416   195
##      5     0      0      0    42
##      6     0      0      0    41
##      7   152    230    289   127
##      8    57     17    195   108
##      9     0      0      0    50
##      10   24     18    107    55
##      11   26      0      1     0
##      12    0      1     16     4
##      13   19     18    118   156
##      14   20      5     30    36
##      15   57      5     57     2
##      16    0      0      0    26
##      17    1      2      5    11
##      18    0      0      0   110
##      19    0      0      0   186
##      20    5      8     19    17
