array([[1.352e+03, 1.000e+00, 1.450e+02, 1.280e+02, 4.000e+00, 4.000e+00,
        4.000e+01, 0.000e+00, 0.000e+00, 0.000e+00, 0.000e+00, 0.000e+00,
        0.000e+00, 0.000e+00, 0.000e+00],
       [1.000e+00, 1.290e+03, 6.700e+01, 9.000e+00, 8.700e+01, 0.000e+00,
        0.000e+00, 0.000e+00, 0.000e+00, 7.000e+00, 0.000e+00, 0.000e+00,
        5.500e+01, 0.000e+00, 0.000e+00],
       [1.450e+02, 6.700e+01, 1.140e+03, 0.000e+00, 2.000e+00, 8.300e+01,
        3.000e+00, 0.000e+00, 0.000e+00, 0.000e+00, 0.000e+00, 0.000e+00,
        1.800e+01, 0.000e+00, 0.000e+00],
       [1.280e+02, 9.000e+00, 0.000e+00, 6.780e+02, 1.400e+02, 0.000e+00,
        0.000e+00, 0.000e+00, 0.000e+00, 0.000e+00, 0.000e+00, 0.000e+00,
        0.000e+00, 0.000e+00, 0.000e+00],
       [4.000e+00, 8.700e+01, 2.000e+00, 1.400e+02, 3.300e+02, 0.000e+00,
        6.000e+00, 0.000e+00, 0.000e+00, 2.000e+01, 0.000e+00, 0.000e+00,
        0.000e+00, 0.000e+00, 0.000e+00],
       [4.000e+00, 0.000e+00, 8.300e+01, 0.000e+00, 0.000e+00, 8.780e+02,
        9.200e+01, 7.000e+00, 9.000e+01, 8.400e+01, 1.000e+00, 0.000e+00,
        4.300e+01, 3.500e+01, 2.400e+01],
       [4.000e+01, 0.000e+00, 3.000e+00, 0.000e+00, 6.000e+00, 9.200e+01,
        8.720e+02, 0.000e+00, 1.300e+01, 3.400e+01, 1.280e+02, 1.040e+02,
        0.000e+00, 3.000e+00, 0.000e+00],
       [0.000e+00, 0.000e+00, 0.000e+00, 0.000e+00, 0.000e+00, 7.000e+00,
        0.000e+00, 1.080e+03, 3.100e+01, 1.900e+01, 0.000e+00, 0.000e+00,
        0.000e+00, 0.000e+00, 2.900e+01],
       [0.000e+00, 0.000e+00, 0.000e+00, 0.000e+00, 0.000e+00, 9.000e+01,
        1.300e+01, 3.100e+01, 5.440e+02, 7.000e+00, 0.000e+00, 1.000e+01,
        0.000e+00, 6.400e+01, 3.900e+01],
       [0.000e+00, 7.000e+00, 0.000e+00, 0.000e+00, 2.000e+01, 8.400e+01,
        3.400e+01, 1.900e+01, 7.000e+00, 3.140e+02, 0.000e+00, 0.000e+00,
        6.300e+01, 1.000e+00, 1.700e+01],
       [0.000e+00, 0.000e+00, 0.000e+00, 0.000e+00, 0.000e+00, 1.000e+00,
        1.280e+02, 0.000e+00, 0.000e+00, 0.000e+00, 1.200e+02, 3.000e+00,
        0.000e+00, 0.000e+00, 0.000e+00],
       [0.000e+00, 0.000e+00, 0.000e+00, 0.000e+00, 0.000e+00, 0.000e+00,
        1.040e+02, 0.000e+00, 1.000e+01, 0.000e+00, 3.000e+00, 2.800e+02,
        0.000e+00, 9.000e+00, 0.000e+00],
       [0.000e+00, 5.500e+01, 1.800e+01, 0.000e+00, 0.000e+00, 4.300e+01,
        0.000e+00, 0.000e+00, 0.000e+00, 6.300e+01, 0.000e+00, 0.000e+00,
        7.360e+02, 0.000e+00, 0.000e+00],
       [0.000e+00, 0.000e+00, 0.000e+00, 0.000e+00, 0.000e+00, 3.500e+01,
        3.000e+00, 0.000e+00, 6.400e+01, 1.000e+00, 0.000e+00, 9.000e+00,
        0.000e+00, 1.382e+03, 7.200e+01],
       [0.000e+00, 0.000e+00, 0.000e+00, 0.000e+00, 0.000e+00, 2.400e+01,
        0.000e+00, 2.900e+01, 3.900e+01, 1.700e+01, 0.000e+00, 0.000e+00,
        0.000e+00, 7.200e+01, 9.020e+02]])