##      ctx
##  k        1     2     3     4     5
##    1   0.17  1.54 82.01  0.08  0.48
##    2   1.00  5.75  3.39  0.12  2.25
##    3   0.00  4.16  1.72  0.00  5.81
##    4   0.00  6.93  8.64  0.16  6.07
##    5   3.93 16.02  0.72  6.54  0.47
##    6   4.18 13.79  0.63 15.01  0.22
##    7  56.04  1.60  0.22  0.73  0.01
##    8   2.31  7.67  1.00 11.28  1.56
##    9  27.69  0.24  0.12  0.09  0.00
##    10  2.81 22.93  1.18  7.92  0.63
##    11  1.46  9.67  0.10 42.13  0.07
##    12  0.27  5.20  0.04  5.24  0.01
##    13  0.07  0.86  0.01  0.45  0.01
##    14  0.02  1.82  0.01  8.89  0.00
##    15  0.00  1.35  0.22  0.00 82.42
##    16  0.03  0.46  0.01  1.37  0.00
