                                                  geometry
cell_ID                                                   
99       POLYGON ((6277 798, 6277 799, 6272 799, 6272 8...
142      POLYGON ((6427 6123, 6423 6123, 6423 6124, 641...
208      POLYGON ((3747 858, 3747 859, 3746 859, 3746 8...
235      POLYGON ((752 6144, 752 6145, 763 6145, 763 61...
336      POLYGON ((5174 935, 5174 936, 5172 936, 5172 9...
...                                                    ...
7652     POLYGON ((1094 6028, 1094 6029, 1091 6029, 109...
7680     POLYGON ((1324 6063, 1324 6064, 1320 6064, 132...
7694     POLYGON ((1692 6063, 1692 6064, 1686 6064, 168...
7708     POLYGON ((768 6072, 768 6073, 765 6073, 765 60...
7723     POLYGON ((374 6074, 374 6076, 373 6076, 373 60...

[3375 rows x 1 columns]