   variable     baseMean    log_fc     lfcSE       stat        p_value  \
0    IFITM2   491.867844  4.670296  0.151406  30.846095  6.319564e-209   
1     IL1RN   900.090770  6.466407  0.223553  28.925558  5.697320e-184   
2    NT5C3A   221.226625  5.583271  0.193526  28.850299  5.023241e-183   
3       SSB   365.880933  3.336528  0.116120  28.733517  1.455497e-181   
4  RABGAP1L   211.055152  5.994200  0.230397  26.016826  3.194924e-149   
5      RTCB   152.556535  3.431247  0.134175  25.572931  3.052671e-144   
6    DYNLT1   948.183449  2.609925  0.102510  25.460223  5.439750e-143   
7      CCL8  7259.221485  9.389468  0.369940  25.381043  4.083958e-142   
8    CXCL11  1433.690007  9.021039  0.357845  25.209353  3.163259e-140   
9     DDX58   201.134679  4.946996  0.200043  24.729696  5.127619e-135   

     adj_p_value contrast  
0  1.481938e-205     None  
1  6.680107e-181     None  
2  3.926500e-180     None  
3  8.532854e-179     None  
4  1.498419e-146     None  
5  1.193086e-141     None  
6  1.822316e-140     None  
7  1.197110e-139     None  
8  8.242047e-138     None  
9  1.202427e-132     None  